100 3 214
0 65533 1
1 81 1
2 42 1
3 4 1
4 3 1
5 6 1
6 5 1
7 8 1
8 7 1
9 10 1
10 9 1
11 12 1
12 11 1
13 40 1
14 41 1
15 48 1
16 61 1
17 18 1
18 17 1
19 21 1
20 61 1
21 19 1
22 47 1
23 68 1
24 67 1
25 39 1
26 40 1
27 28 1
28 27 1
29 41 1
30 82 1
31 32 1
32 31 1
33 34 1
34 33 1
35 72 1
36 71 1
37 38 1
38 37 1
39 25 1
40 26 1
40 13 1
41 29 1
41 14 1
42 2 1
43 44 1
44 43 1
45 46 1
46 45 1
46 62 1
47 48 1
47 22 1
48 47 1
48 15 1
49 50 1
49 94 1
50 49 1
51 52 1
52 51 1
52 91 1
53 54 1
53 86 1
54 53 1
55 93 1
56 60 1
57 69 1
58 70 1
59 89 1
60 90 1
60 56 1
61 20 1
61 16 1
62 46 1
63 64 1
64 63 1
65 66 1
66 65 1
67 24 1
68 23 1
69 57 1
70 58 1
71 36 1
72 35 1
73 76 1
76 73 1
77 78 1
78 77 1
79 80 1
80 79 1
81 1 1
82 30 1
83 85 1
84 92 1
85 83 1
86 53 1
87 88 1
88 87 1
89 59 1
90 60 1
91 52 1
92 84 1
93 55 1
94 49 1
95 98 1
98 95 1
99 65533 1
0 65533 2
1 12 2
2 94 2
3 4 2
4 3 2
5 25 2
6 85 2
7 75 2
8 76 2
9 10 2
10 9 2
11 12 2
12 11 2
12 1 2
13 14 2
13 34 2
14 13 2
15 16 2
16 15 2
17 18 2
18 17 2
19 20 2
20 19 2
21 22 2
22 21 2
23 55 2
24 58 2
25 5 2
26 61 2
27 35 2
28 36 2
29 81 2
30 46 2
31 59 2
32 60 2
33 40 2
34 67 2
34 13 2
34 92 2
34 52 2
35 27 2
35 95 2
35 91 2
35 54 2
36 28 2
37 38 2
38 37 2
39 95 2
40 33 2
41 42 2
42 41 2
43 49 2
44 50 2
45 82 2
46 30 2
47 48 2
48 47 2
49 43 2
50 44 2
51 53 2
52 34 2
53 51 2
54 35 2
55 23 2
58 24 2
59 31 2
60 32 2
60 86 2
61 62 2
61 26 2
62 61 2
63 64 2
64 63 2
65 66 2
66 65 2
67 34 2
70 96 2
71 72 2
72 71 2
73 74 2
74 73 2
75 7 2
76 8 2
77 78 2
78 77 2
79 80 2
80 79 2
81 29 2
82 45 2
83 88 2
84 87 2
85 6 2
86 60 2
87 84 2
88 83 2
89 90 2
90 89 2
91 35 2
92 34 2
93 94 2
94 93 2
94 2 2
95 39 2
95 35 2
96 70 2
97 98 2
98 97 2
99 65533 2
