100 4 888
0 65533 1
1 32 1
2 42 1
3 19 1
4 24 1
5 65 1
6 31 1
7 68 1
8 18 1
9 71 1
10 27 1
11 12 1
12 11 1
12 43 1
13 40 1
13 21 1
14 48 1
15 48 1
16 61 1
17 23 1
18 8 1
19 3 1
20 61 1
21 13 1
22 47 1
23 17 1
24 4 1
25 39 1
26 83 1
27 10 1
30 82 1
31 6 1
32 1 1
33 87 1
34 86 1
35 72 1
36 81 1
37 38 1
38 37 1
39 25 1
40 49 1
40 13 1
41 66 1
41 49 1
42 2 1
43 12 1
44 67 1
45 51 1
46 52 1
46 62 1
47 48 1
47 22 1
48 47 1
48 15 1
48 14 1
48 87 1
49 40 1
49 94 1
49 41 1
49 88 1
50 82 1
51 45 1
52 46 1
52 91 1
53 69 1
53 86 1
54 60 1
55 79 1
58 70 1
59 89 1
60 90 1
60 54 1
61 20 1
61 16 1
62 46 1
63 64 1
64 63 1
65 5 1
66 41 1
67 44 1
68 7 1
69 53 1
70 58 1
71 9 1
72 35 1
73 76 1
76 73 1
77 78 1
78 77 1
79 55 1
80 93 1
81 36 1
82 30 1
82 50 1
83 85 1
83 26 1
84 92 1
85 83 1
86 53 1
86 34 1
87 48 1
87 33 1
88 49 1
89 59 1
90 60 1
91 52 1
92 84 1
93 80 1
94 49 1
95 98 1
98 95 1
99 65533 1
0 65533 2
1 81 2
2 42 2
3 67 2
4 40 2
5 6 2
6 5 2
7 21 2
8 19 2
8 86 2
9 10 2
9 53 2
10 9 2
10 39 2
11 12 2
11 25 2
12 11 2
13 38 2
14 41 2
15 48 2
16 61 2
17 18 2
18 17 2
19 8 2
20 61 2
21 7 2
22 47 2
23 68 2
24 43 2
25 11 2
26 91 2
27 52 2
28 87 2
29 88 2
30 39 2
31 32 2
32 31 2
33 34 2
34 33 2
35 93 2
36 59 2
37 49 2
38 13 2
38 82 2
39 10 2
39 30 2
40 4 2
40 52 2
41 95 2
41 14 2
42 2 2
43 24 2
46 98 2
46 62 2
47 48 2
47 22 2
48 47 2
48 15 2
49 37 2
49 94 2
52 40 2
52 27 2
53 54 2
53 9 2
54 53 2
55 72 2
56 60 2
57 69 2
58 70 2
59 36 2
60 83 2
60 56 2
61 20 2
61 16 2
62 46 2
63 85 2
64 84 2
65 66 2
66 65 2
67 3 2
68 23 2
69 57 2
70 58 2
71 89 2
72 55 2
73 76 2
76 73 2
77 78 2
78 77 2
79 80 2
80 79 2
81 1 2
82 38 2
83 60 2
84 92 2
84 64 2
85 89 2
85 63 2
86 8 2
87 28 2
88 29 2
88 90 2
89 71 2
89 85 2
90 88 2
91 26 2
92 84 2
93 35 2
94 49 2
95 41 2
98 46 2
99 65533 2
0 65533 3
1 12 3
2 94 3
3 48 3
4 47 3
5 20 3
6 85 3
7 98 3
8 65 3
9 19 3
10 25 3
11 12 3
12 11 3
12 1 3
13 14 3
13 34 3
14 13 3
15 16 3
16 15 3
17 18 3
18 17 3
18 73 3
19 9 3
19 72 3
20 5 3
20 81 3
21 28 3
21 29 3
22 33 3
23 55 3
24 45 3
25 10 3
26 44 3
26 90 3
27 35 3
27 89 3
28 21 3
29 21 3
30 32 3
31 59 3
32 30 3
33 22 3
34 67 3
34 13 3
34 92 3
34 36 3
35 27 3
35 95 3
35 91 3
35 54 3
36 34 3
37 64 3
38 49 3
39 95 3
40 52 3
41 42 3
42 41 3
43 46 3
44 26 3
45 24 3
46 43 3
47 4 3
48 3 3
49 38 3
50 79 3
51 53 3
52 40 3
53 51 3
54 35 3
55 23 3
58 82 3
59 31 3
60 86 3
61 80 3
64 37 3
65 8 3
66 76 3
66 94 3
67 34 3
67 93 3
70 99 3
71 74 3
72 19 3
73 18 3
74 71 3
75 97 3
76 66 3
77 78 3
78 77 3
79 50 3
80 61 3
81 20 3
82 58 3
83 88 3
84 87 3
85 6 3
86 60 3
87 84 3
88 83 3
89 27 3
90 26 3
91 35 3
92 34 3
93 67 3
94 66 3
94 2 3
95 39 3
95 35 3
96 98 3
97 75 3
98 7 3
98 96 3
99 65533 3
99 70 3
0 65533 4
0 25 4
1 85 4
1 34 4
2 94 4
3 4 4
4 3 4
5 67 4
6 12 4
7 28 4
8 40 4
9 59 4
10 41 4
11 37 4
12 48 4
12 6 4
13 14 4
13 34 4
14 13 4
15 16 4
16 15 4
17 79 4
18 80 4
19 21 4
20 58 4
21 19 4
22 72 4
23 55 4
24 71 4
25 0 4
26 95 4
27 50 4
28 7 4
29 93 4
30 46 4
31 42 4
32 60 4
33 87 4
34 1 4
34 13 4
34 61 4
34 52 4
35 82 4
35 95 4
35 91 4
35 54 4
36 75 4
37 11 4
40 8 4
41 10 4
42 31 4
43 49 4
46 30 4
47 61 4
48 12 4
49 43 4
50 27 4
51 53 4
52 34 4
53 51 4
54 35 4
55 23 4
58 20 4
59 9 4
60 32 4
60 86 4
60 84 4
60 92 4
61 62 4
61 47 4
61 76 4
61 34 4
62 61 4
63 64 4
64 63 4
65 66 4
66 65 4
67 5 4
70 96 4
71 24 4
72 22 4
73 74 4
74 73 4
75 36 4
76 61 4
77 78 4
78 77 4
79 17 4
80 18 4
81 92 4
82 35 4
83 88 4
84 60 4
85 1 4
86 60 4
87 33 4
88 83 4
89 90 4
90 89 4
91 35 4
92 60 4
92 81 4
93 94 4
93 29 4
94 93 4
94 2 4
95 26 4
95 35 4
96 70 4
97 98 4
98 97 4
99 65533 4
score: 0
