100 8 3290
0 65533 1
1 34 1
2 15 1
3 46 1
4 83 1
5 65 1
6 31 1
7 32 1
8 21 1
9 60 1
10 27 1
11 73 1
12 76 1
12 43 1
13 40 1
13 21 1
14 95 1
15 2 1
16 61 1
17 70 1
18 20 1
19 52 1
20 61 1
20 18 1
21 13 1
21 8 1
22 47 1
23 58 1
24 86 1
25 67 1
26 68 1
27 10 1
30 71 1
31 6 1
32 7 1
33 87 1
34 1 1
35 72 1
36 79 1
36 86 1
37 44 1
37 53 1
40 49 1
40 13 1
41 66 1
41 49 1
42 48 1
43 12 1
44 37 1
45 51 1
46 52 1
46 3 1
47 48 1
47 22 1
48 47 1
48 42 1
48 98 1
48 87 1
49 40 1
49 91 1
49 41 1
49 88 1
50 82 1
50 85 1
51 45 1
51 83 1
52 46 1
52 19 1
53 69 1
53 37 1
54 60 1
55 93 1
58 23 1
59 89 1
60 90 1
60 54 1
60 62 1
60 9 1
61 20 1
61 16 1
61 94 1
61 82 1
62 60 1
63 64 1
64 63 1
65 5 1
66 41 1
67 25 1
68 26 1
69 53 1
70 17 1
71 30 1
72 35 1
73 11 1
76 12 1
77 78 1
78 77 1
79 36 1
82 61 1
82 50 1
83 51 1
83 4 1
84 92 1
85 50 1
86 36 1
86 24 1
87 48 1
87 33 1
88 49 1
89 59 1
90 60 1
91 49 1
92 84 1
93 55 1
94 61 1
95 14 1
98 48 1
99 65533 1
0 65533 2
1 4 2
2 72 2
3 98 2
4 1 2
5 9 2
6 31 2
7 68 2
8 18 2
9 5 2
10 27 2
11 12 2
12 11 2
12 43 2
13 40 2
13 61 2
14 48 2
15 48 2
16 61 2
17 83 2
18 8 2
19 38 2
22 47 2
23 95 2
24 61 2
25 70 2
26 83 2
27 10 2
30 82 2
31 6 2
32 60 2
33 72 2
34 86 2
35 49 2
36 53 2
37 38 2
38 37 2
38 19 2
39 55 2
39 84 2
40 87 2
40 13 2
41 47 2
41 49 2
42 73 2
43 12 2
44 67 2
44 80 2
45 51 2
45 65 2
46 52 2
46 61 2
47 41 2
47 22 2
48 54 2
48 15 2
48 14 2
48 87 2
49 35 2
49 94 2
49 41 2
49 88 2
50 82 2
51 45 2
52 46 2
52 91 2
53 69 2
53 36 2
54 48 2
55 39 2
60 90 2
60 78 2
60 62 2
60 32 2
61 13 2
61 16 2
61 46 2
61 24 2
62 60 2
62 71 2
63 64 2
63 93 2
64 63 2
65 45 2
66 77 2
67 44 2
68 7 2
69 53 2
70 25 2
71 62 2
72 33 2
72 2 2
73 76 2
73 42 2
76 73 2
77 66 2
78 60 2
79 89 2
80 44 2
81 86 2
82 30 2
82 50 2
83 17 2
83 26 2
84 39 2
85 92 2
86 81 2
86 34 2
87 48 2
87 40 2
88 49 2
89 79 2
90 60 2
91 52 2
92 85 2
93 63 2
94 49 2
95 23 2
98 3 2
99 65533 2
0 65533 3
1 57 3
2 53 3
3 69 3
4 55 3
5 98 3
6 88 3
7 35 3
8 21 3
8 79 3
9 10 3
9 80 3
10 9 3
10 94 3
11 48 3
11 49 3
12 49 3
13 27 3
14 41 3
15 48 3
18 61 3
19 93 3
20 49 3
21 8 3
22 48 3
23 40 3
24 60 3
25 49 3
26 49 3
27 13 3
28 48 3
29 48 3
30 82 3
31 73 3
32 72 3
33 65 3
34 66 3
34 46 3
35 50 3
35 7 3
36 61 3
37 41 3
40 23 3
40 47 3
41 37 3
41 14 3
42 68 3
43 44 3
44 43 3
44 58 3
45 67 3
45 70 3
46 34 3
46 64 3
46 76 3
46 91 3
47 48 3
47 85 3
47 73 3
47 40 3
48 47 3
48 15 3
48 71 3
48 28 3
48 11 3
48 22 3
48 50 3
48 29 3
49 77 3
49 11 3
49 20 3
49 12 3
49 26 3
49 83 3
49 52 3
49 25 3
50 48 3
50 35 3
51 52 3
51 72 3
52 51 3
52 49 3
53 56 3
53 2 3
54 60 3
55 4 3
56 53 3
57 1 3
58 44 3
59 89 3
60 24 3
60 54 3
61 36 3
61 18 3
64 46 3
65 33 3
66 34 3
67 45 3
68 42 3
69 3 3
70 45 3
71 48 3
72 51 3
72 32 3
73 47 3
73 31 3
76 46 3
77 49 3
78 95 3
79 8 3
80 9 3
81 90 3
82 30 3
83 49 3
84 92 3
85 47 3
88 6 3
89 59 3
90 81 3
91 46 3
92 84 3
93 19 3
94 10 3
95 78 3
98 5 3
99 65533 3
0 65533 4
1 57 4
2 12 4
3 21 4
4 31 4
5 27 4
6 88 4
6 60 4
7 8 4
7 30 4
8 7 4
8 77 4
9 10 4
9 80 4
10 9 4
10 94 4
11 82 4
11 49 4
12 2 4
12 52 4
13 98 4
13 25 4
14 41 4
15 51 4
16 61 4
17 72 4
18 26 4
19 93 4
20 90 4
21 3 4
22 83 4
23 68 4
24 44 4
25 13 4
26 18 4
27 5 4
28 87 4
29 41 4
30 7 4
30 55 4
31 64 4
31 4 4
32 56 4
33 34 4
34 33 4
35 42 4
36 71 4
37 67 4
40 95 4
40 47 4
41 29 4
41 14 4
42 35 4
43 60 4
44 24 4
45 46 4
46 45 4
46 48 4
46 76 4
46 50 4
47 58 4
47 92 4
47 73 4
47 40 4
48 70 4
48 46 4
49 52 4
49 11 4
50 46 4
51 15 4
52 12 4
52 49 4
53 54 4
53 86 4
54 53 4
55 30 4
56 32 4
57 1 4
58 47 4
59 89 4
60 6 4
60 43 4
61 73 4
61 16 4
64 31 4
65 66 4
66 65 4
67 37 4
68 23 4
69 81 4
70 48 4
71 36 4
72 91 4
72 17 4
73 47 4
73 61 4
76 46 4
77 8 4
80 9 4
81 69 4
82 11 4
83 22 4
86 53 4
87 28 4
88 6 4
89 59 4
90 20 4
91 72 4
92 47 4
93 19 4
94 10 4
95 40 4
98 13 4
99 65533 4
0 65533 5
1 3 5
2 94 5
3 1 5
4 36 5
4 13 5
5 34 5
5 18 5
6 7 5
7 6 5
8 53 5
9 28 5
10 32 5
11 12 5
12 11 5
12 61 5
12 14 5
12 17 5
13 92 5
13 34 5
13 95 5
13 4 5
14 12 5
15 96 5
16 70 5
17 12 5
18 5 5
19 33 5
20 40 5
21 24 5
22 45 5
23 83 5
24 21 5
25 72 5
26 59 5
27 38 5
28 9 5
29 60 5
30 46 5
31 81 5
32 10 5
33 19 5
34 93 5
34 13 5
34 5 5
34 83 5
35 82 5
35 95 5
35 91 5
35 50 5
36 4 5
36 98 5
37 41 5
37 88 5
38 27 5
39 73 5
40 20 5
41 37 5
44 58 5
45 22 5
46 30 5
47 48 5
48 47 5
49 64 5
50 35 5
51 72 5
52 71 5
53 8 5
58 44 5
59 26 5
60 29 5
60 86 5
61 98 5
61 12 5
62 77 5
63 64 5
64 63 5
64 49 5
65 99 5
65 97 5
70 16 5
71 52 5
72 51 5
72 25 5
73 76 5
73 39 5
76 73 5
77 62 5
78 83 5
79 80 5
80 79 5
81 31 5
82 85 5
82 35 5
82 94 5
83 34 5
83 23 5
83 78 5
84 87 5
85 82 5
86 60 5
87 84 5
88 37 5
89 90 5
90 89 5
91 35 5
92 13 5
93 34 5
94 82 5
94 2 5
95 13 5
95 35 5
96 15 5
97 65 5
98 36 5
98 61 5
99 65533 5
99 65 5
0 65533 6
1 12 6
2 94 6
3 4 6
4 3 6
4 17 6
5 34 6
5 10 6
6 21 6
7 73 6
8 51 6
9 43 6
10 5 6
11 12 6
12 11 6
12 1 6
13 45 6
13 34 6
14 58 6
14 72 6
15 96 6
15 36 6
16 70 6
17 4 6
18 35 6
19 20 6
20 19 6
21 6 6
22 28 6
23 81 6
26 61 6
27 97 6
28 22 6
29 80 6
30 42 6
31 50 6
32 50 6
33 40 6
34 47 6
34 13 6
34 5 6
34 76 6
35 82 6
35 95 6
35 91 6
35 18 6
36 15 6
36 82 6
37 39 6
37 88 6
38 49 6
38 92 6
39 37 6
39 95 6
40 33 6
41 42 6
42 41 6
42 30 6
43 9 6
43 83 6
44 83 6
45 13 6
46 53 6
47 34 6
48 67 6
49 38 6
50 32 6
50 31 6
51 8 6
51 59 6
52 71 6
53 46 6
58 14 6
59 51 6
60 86 6
61 26 6
62 79 6
63 70 6
64 71 6
65 99 6
66 98 6
67 48 6
70 16 6
70 63 6
71 52 6
71 64 6
72 14 6
73 7 6
76 34 6
77 93 6
78 94 6
79 62 6
80 29 6
81 23 6
82 36 6
82 35 6
83 44 6
83 43 6
84 87 6
85 98 6
86 60 6
87 84 6
88 37 6
89 90 6
90 89 6
91 35 6
92 38 6
93 77 6
94 78 6
94 2 6
95 39 6
95 35 6
96 15 6
97 27 6
98 85 6
98 66 6
99 65533 6
99 65 6
0 65533 7
0 75 7
0 91 7
0 35 7
1 73 7
1 64 7
1 47 7
1 22 7
2 27 7
3 40 7
4 90 7
5 41 7
6 78 7
7 63 7
8 65 7
9 80 7
12 81 7
12 79 7
13 14 7
13 34 7
14 13 7
15 29 7
16 23 7
17 61 7
20 39 7
21 34 7
22 1 7
23 16 7
24 92 7
25 59 7
26 61 7
27 2 7
28 36 7
28 67 7
29 81 7
29 15 7
30 46 7
31 42 7
32 60 7
33 79 7
34 90 7
34 13 7
34 78 7
34 52 7
34 21 7
34 38 7
34 65 7
35 0 7
35 95 7
35 91 7
35 54 7
35 94 7
35 50 7
35 71 7
36 28 7
37 55 7
38 34 7
39 20 7
40 3 7
41 5 7
42 31 7
43 74 7
44 48 7
45 49 7
46 30 7
47 1 7
48 44 7
48 89 7
49 45 7
49 96 7
50 35 7
51 53 7
52 34 7
53 51 7
54 35 7
55 37 7
58 93 7
59 25 7
60 32 7
60 62 7
61 17 7
61 26 7
62 60 7
63 7 7
64 1 7
64 93 7
65 34 7
65 8 7
66 72 7
67 28 7
70 98 7
71 35 7
72 66 7
73 1 7
74 43 7
75 0 7
78 6 7
78 34 7
79 33 7
79 12 7
80 84 7
80 9 7
81 29 7
81 12 7
82 92 7
83 88 7
84 80 7
85 97 7
88 83 7
89 48 7
90 4 7
90 34 7
91 35 7
91 0 7
92 82 7
92 24 7
93 64 7
93 58 7
94 95 7
94 35 7
95 94 7
95 35 7
96 49 7
97 85 7
98 70 7
99 65533 7
0 65533 8
0 63 8
0 17 8
0 39 8
1 73 8
1 64 8
1 44 8
1 8 8
2 27 8
3 36 8
4 22 8
5 95 8
6 48 8
7 78 8
8 1 8
9 62 8
12 63 8
12 74 8
13 14 8
13 34 8
14 13 8
15 95 8
16 34 8
17 0 8
18 58 8
19 20 8
20 19 8
21 34 8
22 4 8
23 38 8
26 92 8
27 2 8
28 62 8
28 67 8
29 81 8
29 71 8
30 41 8
31 97 8
32 60 8
33 84 8
34 95 8
34 13 8
34 61 8
34 52 8
34 21 8
34 16 8
34 65 8
35 47 8
35 95 8
35 91 8
35 54 8
35 94 8
35 50 8
35 71 8
36 3 8
37 55 8
38 23 8
39 0 8
40 60 8
41 30 8
42 46 8
43 79 8
44 1 8
45 94 8
46 82 8
46 42 8
47 35 8
47 96 8
48 70 8
48 6 8
49 94 8
49 85 8
50 35 8
51 88 8
52 34 8
53 83 8
54 35 8
55 37 8
58 18 8
59 78 8
60 32 8
60 40 8
61 94 8
61 34 8
62 28 8
62 9 8
63 0 8
63 12 8
64 1 8
65 34 8
66 72 8
67 28 8
70 98 8
70 48 8
71 35 8
71 29 8
72 66 8
73 1 8
74 12 8
75 89 8
78 7 8
78 59 8
79 80 8
79 43 8
80 79 8
81 29 8
82 46 8
83 53 8
84 33 8
85 49 8
88 51 8
89 75 8
90 93 8
91 35 8
92 26 8
93 90 8
94 45 8
94 35 8
94 61 8
94 49 8
95 5 8
95 35 8
95 15 8
95 34 8
96 47 8
97 31 8
98 70 8
99 65533 8
score: 320
