100 8 664
0 65533 1
1 6 1
6 1 1
7 8 1
8 7 1
9 10 1
10 9 1
11 14 1
14 11 1
15 26 1
16 93 1
17 18 1
18 17 1
18 63 1
19 20 1
19 64 1
20 19 1
21 58 1
26 15 1
27 28 1
28 27 1
29 33 1
30 36 1
31 32 1
32 31 1
33 29 1
36 30 1
37 38 1
38 37 1
39 40 1
40 39 1
41 44 1
44 41 1
45 46 1
46 45 1
47 48 1
48 47 1
49 50 1
50 49 1
51 52 1
52 51 1
53 54 1
54 53 1
54 90 1
55 70 1
55 89 1
58 21 1
59 60 1
60 59 1
61 62 1
62 61 1
63 18 1
64 19 1
65 66 1
66 65 1
67 68 1
68 67 1
69 96 1
70 55 1
71 74 1
74 71 1
75 76 1
76 75 1
77 78 1
78 77 1
79 80 1
80 79 1
81 82 1
82 81 1
83 88 1
88 83 1
89 55 1
90 54 1
91 92 1
92 91 1
93 16 1
96 69 1
99 65533 1
0 65533 2
1 2 2
2 1 2
3 4 2
4 3 2
5 6 2
6 5 2
7 8 2
8 7 2
9 10 2
10 9 2
11 14 2
14 11 2
15 94 2
16 93 2
17 62 2
18 63 2
18 63 2
19 20 2
19 64 2
20 19 2
21 60 2
26 57 2
27 28 2
28 27 2
29 33 2
30 36 2
31 32 2
32 31 2
33 29 2
36 30 2
37 40 2
40 37 2
41 77 2
44 82 2
45 46 2
46 45 2
47 48 2
48 47 2
49 50 2
50 49 2
51 56 2
52 55 2
53 54 2
54 53 2
54 90 2
55 52 2
55 83 2
56 51 2
57 26 2
60 21 2
61 62 2
62 61 2
62 17 2
63 18 2
63 18 2
64 19 2
65 66 2
66 65 2
67 68 2
68 67 2
69 70 2
70 69 2
71 94 2
74 95 2
75 76 2
76 75 2
77 41 2
82 44 2
83 55 2
90 54 2
91 92 2
92 91 2
93 16 2
94 15 2
94 71 2
95 96 2
95 74 2
96 95 2
99 65533 2
0 65533 3
1 2 3
2 1 3
3 4 3
4 3 3
5 62 3
8 63 3
9 10 3
10 9 3
11 14 3
14 11 3
15 69 3
16 23 3
17 18 3
18 17 3
18 63 3
19 66 3
19 64 3
20 67 3
21 22 3
22 21 3
23 16 3
26 91 3
27 67 3
28 48 3
29 32 3
32 29 3
33 34 3
34 33 3
35 36 3
36 35 3
37 38 3
38 37 3
39 44 3
44 39 3
45 48 3
48 45 3
48 28 3
49 50 3
49 51 3
50 49 3
50 68 3
51 52 3
51 49 3
52 51 3
53 54 3
54 53 3
54 90 3
55 56 3
55 89 3
56 55 3
57 58 3
58 57 3
59 60 3
60 59 3
61 62 3
62 61 3
62 5 3
63 18 3
63 8 3
64 19 3
65 66 3
66 65 3
66 19 3
67 27 3
67 20 3
68 50 3
69 15 3
70 96 3
71 74 3
74 71 3
75 82 3
76 81 3
77 78 3
78 77 3
79 80 3
80 79 3
81 76 3
82 75 3
83 86 3
86 83 3
87 88 3
88 87 3
89 55 3
90 54 3
91 26 3
96 70 3
99 65533 3
0 65533 4
1 2 4
2 1 4
3 19 4
4 20 4
5 62 4
6 63 4
7 8 4
8 7 4
9 10 4
10 9 4
11 14 4
14 11 4
15 69 4
18 23 4
18 63 4
19 3 4
19 64 4
20 4 4
21 22 4
22 21 4
23 18 4
26 91 4
27 50 4
28 51 4
29 71 4
32 74 4
33 34 4
34 33 4
35 38 4
38 35 4
39 44 4
44 39 4
45 48 4
48 45 4
49 50 4
50 49 4
50 27 4
51 52 4
51 28 4
52 51 4
53 54 4
54 53 4
54 90 4
55 56 4
55 89 4
56 55 4
57 58 4
58 57 4
59 60 4
60 59 4
61 62 4
62 61 4
62 5 4
63 18 4
63 6 4
64 19 4
65 66 4
66 65 4
67 68 4
68 67 4
69 15 4
70 94 4
71 29 4
74 32 4
75 76 4
76 75 4
77 78 4
78 77 4
79 82 4
82 79 4
83 86 4
86 83 4
87 88 4
88 87 4
89 55 4
90 54 4
91 26 4
94 70 4
95 96 4
96 95 4
99 65533 4
0 65533 5
0 87 5
0 93 5
0 24 5
1 2 5
1 88 5
1 94 5
1 23 5
2 1 5
3 4 5
4 3 5
5 17 5
6 46 5
7 8 5
8 7 5
9 10 5
10 9 5
11 12 5
12 11 5
13 55 5
14 62 5
15 16 5
16 15 5
17 5 5
18 45 5
19 20 5
20 19 5
21 52 5
22 51 5
23 1 5
24 0 5
25 39 5
26 40 5
27 30 5
30 27 5
31 32 5
32 31 5
33 72 5
38 71 5
39 25 5
40 26 5
41 42 5
42 41 5
43 68 5
44 69 5
45 18 5
46 6 5
47 48 5
48 47 5
49 50 5
50 49 5
51 22 5
52 21 5
53 54 5
54 53 5
55 13 5
62 14 5
63 66 5
66 63 5
67 68 5
68 67 5
68 43 5
69 70 5
69 44 5
70 69 5
71 38 5
72 33 5
73 74 5
74 73 5
75 78 5
78 75 5
79 80 5
80 79 5
81 84 5
84 81 5
85 86 5
86 85 5
87 0 5
88 1 5
89 92 5
92 89 5
93 0 5
94 1 5
95 96 5
96 95 5
97 98 5
98 97 5
99 65533 5
0 65533 6
0 13 6
1 2 6
1 88 6
2 1 6
3 4 6
4 3 6
5 45 6
6 46 6
7 8 6
8 7 6
9 10 6
10 9 6
11 12 6
12 11 6
13 0 6
16 62 6
17 18 6
18 17 6
19 20 6
20 19 6
21 22 6
22 21 6
23 24 6
24 23 6
25 39 6
26 40 6
27 31 6
30 32 6
31 27 6
32 30 6
33 72 6
38 71 6
39 25 6
40 26 6
41 42 6
42 41 6
42 95 6
43 68 6
43 96 6
44 69 6
45 5 6
46 6 6
47 52 6
52 47 6
53 54 6
54 53 6
55 87 6
62 16 6
63 66 6
66 63 6
67 68 6
68 67 6
68 43 6
69 70 6
69 44 6
70 69 6
71 38 6
72 33 6
73 76 6
76 73 6
77 78 6
78 77 6
79 80 6
80 79 6
81 82 6
82 81 6
83 84 6
84 83 6
85 86 6
86 85 6
87 55 6
88 1 6
89 92 6
92 89 6
93 94 6
94 93 6
95 42 6
96 43 6
97 98 6
98 97 6
99 65533 6
0 65533 7
1 4 7
4 1 7
5 77 7
6 76 7
7 75 7
10 76 7
11 43 7
12 78 7
13 14 7
14 13 7
15 16 7
16 15 7
17 94 7
18 93 7
19 22 7
22 19 7
23 24 7
24 23 7
25 39 7
28 40 7
29 30 7
30 29 7
31 32 7
32 31 7
33 72 7
38 71 7
39 25 7
40 28 7
41 42 7
42 41 7
43 11 7
44 79 7
45 46 7
46 45 7
47 48 7
48 47 7
49 50 7
50 49 7
51 54 7
52 68 7
53 67 7
54 51 7
55 56 7
56 55 7
57 62 7
62 57 7
63 66 7
66 63 7
67 53 7
68 52 7
69 70 7
70 69 7
71 38 7
72 33 7
73 74 7
74 73 7
75 7 7
76 10 7
76 6 7
77 78 7
77 5 7
78 77 7
78 12 7
79 80 7
79 44 7
80 79 7
81 82 7
82 81 7
83 88 7
84 85 7
85 84 7
88 83 7
89 90 7
90 89 7
91 92 7
92 91 7
93 18 7
94 17 7
95 96 7
96 95 7
99 65533 7
0 65533 8
1 26 8
4 40 8
5 6 8
6 5 8
7 75 8
10 76 8
11 79 8
12 78 8
13 14 8
14 13 8
15 16 8
16 15 8
17 18 8
18 17 8
19 22 8
22 19 8
23 24 8
24 23 8
25 39 8
26 1 8
27 88 8
28 41 8
29 30 8
30 29 8
31 32 8
32 31 8
33 81 8
38 71 8
39 25 8
40 4 8
40 83 8
41 42 8
41 28 8
42 41 8
43 44 8
44 43 8
45 46 8
46 45 8
47 50 8
50 47 8
51 52 8
52 51 8
52 68 8
53 54 8
53 67 8
54 53 8
55 56 8
56 55 8
57 62 8
62 57 8
63 66 8
66 63 8
67 53 8
68 52 8
69 70 8
70 69 8
71 38 8
72 80 8
73 74 8
74 73 8
75 7 8
76 10 8
77 78 8
78 77 8
78 12 8
79 80 8
79 11 8
80 79 8
80 72 8
81 82 8
81 33 8
82 81 8
83 40 8
84 85 8
85 84 8
88 27 8
89 90 8
90 89 8
91 94 8
94 91 8
95 96 8
96 95 8
99 65533 8
score: 209
