100 8 646
0 65533 1
1 2 1
2 1 1
3 29 1
4 46 1
5 45 1
6 40 1
6 51 1
7 8 1
7 54 1
8 7 1
8 32 1
9 10 1
9 31 1
10 9 1
11 43 1
12 49 1
13 63 1
14 67 1
15 94 1
18 93 1
19 20 1
20 19 1
21 74 1
22 62 1
23 93 1
24 92 1
25 71 1
26 81 1
27 84 1
28 92 1
29 3 1
30 95 1
31 9 1
32 8 1
33 72 1
40 6 1
41 42 1
42 41 1
43 11 1
44 50 1
45 5 1
46 4 1
47 48 1
48 47 1
49 12 1
50 44 1
51 6 1
54 7 1
55 66 1
62 22 1
63 13 1
66 55 1
67 14 1
70 89 1
71 25 1
72 33 1
73 90 1
74 21 1
75 78 1
78 75 1
79 80 1
80 79 1
81 26 1
82 96 1
83 85 1
84 27 1
85 83 1
86 91 1
87 88 1
88 87 1
89 70 1
90 73 1
91 86 1
92 28 1
92 24 1
93 18 1
93 23 1
94 15 1
95 30 1
96 82 1
97 98 1
98 97 1
99 65533 1
0 65533 2
1 2 2
2 1 2
3 48 2
4 47 2
5 33 2
6 81 2
6 51 2
7 25 2
8 97 2
8 32 2
9 10 2
9 31 2
10 9 2
11 12 2
12 11 2
13 55 2
14 67 2
15 94 2
18 28 2
19 20 2
20 19 2
21 72 2
22 80 2
23 24 2
24 23 2
25 7 2
26 40 2
27 84 2
28 18 2
29 30 2
30 29 2
31 9 2
32 8 2
33 5 2
38 71 2
39 54 2
40 26 2
41 96 2
42 82 2
43 89 2
46 95 2
47 4 2
48 3 2
49 70 2
50 90 2
51 6 2
54 39 2
55 13 2
62 81 2
63 66 2
66 63 2
67 14 2
70 49 2
71 38 2
72 21 2
73 74 2
74 73 2
75 78 2
78 75 2
79 80 2
80 79 2
80 22 2
81 6 2
81 62 2
82 42 2
83 85 2
84 27 2
85 83 2
88 91 2
89 43 2
90 50 2
91 88 2
94 15 2
95 46 2
96 41 2
97 8 2
99 65533 2
0 65533 3
1 5 3
3 4 3
4 3 3
5 1 3
6 56 3
7 93 3
8 16 3
9 11 3
10 39 3
11 9 3
12 43 3
13 18 3
14 19 3
15 39 3
16 8 3
17 92 3
18 84 3
18 13 3
19 90 3
19 14 3
22 23 3
23 22 3
24 62 3
25 94 3
28 44 3
29 32 3
32 29 3
33 74 3
38 85 3
38 40 3
39 15 3
39 10 3
40 38 3
41 42 3
42 41 3
43 12 3
44 28 3
45 46 3
46 45 3
47 48 3
48 47 3
49 51 3
50 52 3
51 49 3
52 50 3
53 54 3
54 53 3
55 97 3
56 6 3
57 87 3
62 24 3
62 96 3
63 76 3
63 95 3
68 75 3
69 80 3
70 77 3
71 81 3
74 33 3
75 68 3
76 63 3
77 70 3
80 69 3
81 71 3
84 18 3
85 38 3
86 91 3
87 57 3
90 19 3
91 86 3
92 17 3
93 7 3
94 25 3
95 63 3
96 62 3
97 55 3
99 65533 3
0 65533 4
1 56 4
4 38 4
5 6 4
6 5 4
7 45 4
8 46 4
9 48 4
10 47 4
11 39 4
14 63 4
15 39 4
16 93 4
17 92 4
18 87 4
19 68 4
22 62 4
23 24 4
24 23 4
25 94 4
26 66 4
26 55 4
27 28 4
27 97 4
28 27 4
29 32 4
32 29 4
33 38 4
38 71 4
38 33 4
38 4 4
39 15 4
39 11 4
39 98 4
40 90 4
41 67 4
42 76 4
43 44 4
44 43 4
45 7 4
46 8 4
47 10 4
48 9 4
49 50 4
50 49 4
51 52 4
52 51 4
53 54 4
54 53 4
55 26 4
56 1 4
57 81 4
62 22 4
63 14 4
66 26 4
67 41 4
68 19 4
69 80 4
70 77 4
71 38 4
76 42 4
77 70 4
80 69 4
81 57 4
86 91 4
87 18 4
90 40 4
91 86 4
92 17 4
93 16 4
94 25 4
95 96 4
96 95 4
97 27 4
98 39 4
99 65533 4
0 65533 5
1 2 5
2 1 5
3 35 5
4 29 5
5 96 5
6 19 5
7 8 5
8 7 5
9 67 5
10 93 5
11 86 5
14 42 5
15 28 5
18 46 5
19 6 5
20 24 5
21 74 5
22 57 5
23 32 5
24 20 5
25 38 5
28 15 5
29 4 5
32 23 5
33 34 5
34 33 5
35 3 5
38 25 5
39 40 5
40 39 5
41 95 5
42 14 5
43 46 5
46 43 5
46 62 5
46 18 5
47 48 5
47 59 5
47 49 5
48 47 5
49 47 5
50 79 5
51 54 5
54 51 5
55 56 5
56 55 5
57 22 5
58 73 5
59 47 5
62 46 5
63 64 5
64 63 5
65 66 5
66 65 5
67 9 5
68 94 5
69 97 5
72 91 5
73 58 5
74 21 5
75 76 5
76 75 5
77 78 5
78 77 5
79 50 5
86 11 5
87 88 5
88 87 5
89 90 5
90 89 5
91 72 5
92 97 5
93 10 5
94 68 5
95 41 5
96 5 5
96 98 5
97 92 5
97 69 5
98 96 5
99 65533 5
0 65533 6
1 2 6
2 1 6
3 33 6
4 68 6
5 10 6
6 32 6
7 67 6
10 5 6
11 39 6
14 72 6
15 90 6
18 46 6
18 44 6
19 57 6
19 43 6
20 93 6
21 74 6
24 89 6
25 38 6
28 71 6
29 94 6
32 6 6
33 3 6
38 25 6
39 11 6
40 99 6
41 95 6
42 79 6
43 19 6
44 18 6
45 46 6
46 45 6
46 62 6
46 18 6
47 48 6
47 59 6
47 84 6
48 47 6
49 56 6
50 55 6
51 54 6
54 51 6
55 50 6
56 49 6
57 19 6
58 70 6
59 47 6
62 46 6
63 64 6
64 63 6
65 66 6
66 65 6
67 7 6
68 4 6
69 73 6
70 58 6
71 28 6
72 14 6
73 69 6
74 21 6
75 76 6
76 75 6
77 78 6
78 77 6
79 42 6
84 47 6
85 97 6
86 98 6
87 88 6
88 87 6
89 24 6
90 15 6
91 92 6
92 91 6
93 20 6
94 29 6
95 41 6
96 98 6
97 85 6
98 86 6
98 96 6
99 65533 6
99 40 6
0 65533 7
5 84 7
6 37 7
6 33 7
7 50 7
7 47 7
8 89 7
9 10 7
10 9 7
11 41 7
14 87 7
15 24 7
16 23 7
17 20 7
20 17 7
21 74 7
22 57 7
23 16 7
24 15 7
25 51 7
28 74 7
29 35 7
32 97 7
33 6 7
34 66 7
35 29 7
36 98 7
37 6 7
38 81 7
39 40 7
40 39 7
40 96 7
41 11 7
41 88 7
42 68 7
43 50 7
44 91 7
45 51 7
46 67 7
46 62 7
47 7 7
47 71 7
48 99 7
49 54 7
50 43 7
50 7 7
51 45 7
51 25 7
54 49 7
55 79 7
56 80 7
57 22 7
62 46 7
63 75 7
66 34 7
67 46 7
68 42 7
69 70 7
70 69 7
71 47 7
74 21 7
74 28 7
75 78 7
75 63 7
78 75 7
79 55 7
80 56 7
81 38 7
84 5 7
85 86 7
86 85 7
87 14 7
88 41 7
89 8 7
90 98 7
91 44 7
96 40 7
97 32 7
98 36 7
98 90 7
99 65533 7
99 48 7
0 65533 8
1 79 8
6 74 8
6 81 8
7 50 8
7 38 8
8 51 8
9 10 8
10 9 8
11 41 8
14 21 8
15 24 8
16 23 8
17 20 8
20 17 8
21 14 8
22 35 8
23 16 8
24 15 8
25 33 8
28 78 8
29 57 8
32 36 8
33 25 8
34 66 8
35 22 8
36 32 8
37 84 8
38 7 8
39 40 8
40 39 8
40 76 8
41 11 8
41 68 8
42 90 8
43 74 8
44 91 8
45 51 8
46 54 8
46 62 8
47 93 8
47 59 8
48 50 8
49 67 8
50 48 8
50 7 8
51 45 8
51 8 8
54 46 8
55 79 8
56 80 8
57 29 8
58 71 8
59 47 8
62 46 8
66 34 8
67 49 8
68 41 8
69 70 8
70 69 8
71 58 8
74 43 8
74 6 8
75 96 8
75 97 8
76 40 8
77 78 8
78 77 8
78 28 8
79 55 8
79 1 8
80 56 8
81 6 8
84 37 8
85 92 8
90 42 8
91 44 8
92 85 8
93 47 8
96 75 8
97 75 8
99 65533 8
score: 273
