100 8 2984
0 65533 1
1 13 1
2 31 1
3 55 1
4 93 1
5 6 1
6 5 1
7 37 1
8 36 1
9 36 1
10 71 1
11 30 1
12 67 1
13 1 1
14 97 1
15 94 1
16 52 1
17 32 1
18 88 1
19 83 1
20 61 1
21 29 1
22 26 1
23 68 1
24 62 1
25 39 1
26 22 1
26 98 1
27 28 1
27 84 1
28 27 1
29 21 1
30 82 1
30 33 1
30 49 1
30 11 1
31 2 1
31 58 1
31 72 1
31 95 1
32 17 1
33 30 1
34 70 1
35 48 1
36 9 1
36 8 1
37 38 1
37 7 1
38 37 1
39 25 1
42 87 1
43 44 1
44 43 1
45 46 1
46 45 1
47 50 1
48 35 1
49 30 1
50 47 1
51 97 1
52 16 1
53 54 1
54 53 1
55 3 1
56 85 1
57 69 1
58 31 1
59 66 1
60 90 1
61 20 1
62 24 1
63 64 1
64 63 1
65 86 1
66 59 1
67 12 1
68 23 1
69 57 1
70 34 1
71 10 1
72 31 1
73 76 1
76 73 1
77 78 1
78 77 1
79 89 1
82 30 1
83 19 1
84 92 1
84 27 1
85 96 1
85 56 1
86 65 1
87 42 1
88 18 1
89 79 1
90 60 1
91 96 1
92 84 1
93 4 1
94 15 1
95 31 1
96 91 1
96 85 1
97 51 1
97 14 1
98 26 1
99 65533 1
0 65533 2
1 97 2
2 21 2
3 15 2
4 28 2
5 6 2
6 5 2
7 37 2
8 36 2
8 30 2
9 67 2
9 64 2
10 27 2
11 12 2
12 11 2
13 14 2
14 13 2
15 3 2
16 96 2
17 87 2
18 59 2
19 89 2
20 61 2
21 2 2
22 63 2
23 68 2
24 96 2
25 96 2
26 85 2
27 10 2
28 4 2
29 71 2
30 8 2
30 57 2
30 49 2
30 96 2
31 94 2
31 55 2
31 50 2
31 95 2
32 39 2
33 78 2
34 70 2
35 72 2
36 92 2
36 8 2
37 38 2
37 7 2
38 37 2
39 32 2
42 66 2
43 44 2
44 43 2
45 46 2
46 45 2
47 84 2
48 73 2
49 30 2
50 31 2
51 97 2
52 97 2
53 54 2
54 53 2
55 31 2
56 98 2
57 30 2
58 93 2
59 18 2
60 90 2
61 20 2
62 82 2
63 22 2
64 9 2
65 86 2
66 42 2
67 9 2
68 23 2
69 77 2
70 34 2
71 29 2
72 35 2
73 48 2
76 91 2
77 69 2
78 33 2
79 83 2
82 62 2
83 79 2
84 47 2
85 26 2
86 65 2
87 17 2
88 97 2
89 19 2
90 60 2
91 76 2
92 36 2
93 58 2
94 31 2
95 31 2
96 30 2
96 24 2
96 25 2
96 16 2
97 51 2
97 1 2
97 88 2
97 52 2
98 56 2
99 65533 2
0 65533 3
1 81 3
2 42 3
3 53 3
4 52 3
5 48 3
6 47 3
7 18 3
8 87 3
9 41 3
10 80 3
11 89 3
12 86 3
13 88 3
14 87 3
15 94 3
16 56 3
17 23 3
18 7 3
19 65 3
20 61 3
21 31 3
22 25 3
23 17 3
24 39 3
25 22 3
26 79 3
27 33 3
28 53 3
29 98 3
30 82 3
30 70 3
31 68 3
31 21 3
32 45 3
33 27 3
34 64 3
35 73 3
36 71 3
37 54 3
38 84 3
39 24 3
40 78 3
41 9 3
42 2 3
43 97 3
44 91 3
45 32 3
46 52 3
47 6 3
48 5 3
49 93 3
50 51 3
51 50 3
52 46 3
52 4 3
53 28 3
53 3 3
54 37 3
55 79 3
56 16 3
57 69 3
60 90 3
61 20 3
62 96 3
63 86 3
64 34 3
65 19 3
68 31 3
69 57 3
70 30 3
71 36 3
72 76 3
73 35 3
76 72 3
77 85 3
78 83 3
78 40 3
79 55 3
79 26 3
80 10 3
81 1 3
82 30 3
83 78 3
84 38 3
85 77 3
86 12 3
86 63 3
87 14 3
87 8 3
88 13 3
89 11 3
90 60 3
91 44 3
92 95 3
93 49 3
94 15 3
95 92 3
96 97 3
96 62 3
97 96 3
97 43 3
98 29 3
99 65533 3
0 65533 4
1 81 4
2 76 4
3 53 4
4 52 4
5 60 4
6 90 4
7 28 4
8 87 4
9 25 4
10 31 4
11 62 4
12 54 4
13 88 4
14 63 4
15 49 4
16 56 4
17 23 4
18 93 4
19 65 4
20 61 4
21 97 4
22 62 4
23 17 4
24 96 4
25 9 4
26 40 4
27 69 4
28 7 4
29 57 4
30 42 4
30 70 4
31 10 4
31 67 4
32 69 4
33 68 4
34 64 4
35 82 4
36 80 4
37 41 4
38 91 4
39 51 4
40 26 4
41 37 4
42 30 4
43 63 4
44 45 4
45 44 4
46 52 4
47 48 4
48 47 4
49 15 4
50 68 4
51 39 4
52 46 4
52 4 4
53 86 4
53 3 4
54 12 4
55 79 4
56 16 4
57 29 4
60 5 4
61 20 4
62 22 4
62 11 4
63 14 4
63 43 4
64 34 4
65 19 4
66 89 4
67 31 4
68 50 4
68 33 4
69 32 4
69 27 4
70 30 4
71 94 4
76 2 4
77 78 4
78 77 4
79 55 4
80 36 4
81 1 4
82 35 4
83 85 4
84 92 4
85 83 4
86 53 4
86 87 4
87 86 4
87 8 4
88 13 4
89 66 4
90 6 4
91 38 4
92 84 4
93 18 4
94 71 4
95 96 4
96 95 4
96 24 4
97 98 4
97 21 4
98 97 4
99 65533 4
0 65533 5
1 10 5
2 37 5
3 51 5
4 32 5
5 88 5
6 81 5
7 98 5
8 22 5
9 89 5
10 83 5
10 1 5
10 43 5
10 79 5
11 50 5
11 29 5
11 74 5
11 56 5
12 61 5
13 38 5
14 67 5
15 92 5
16 91 5
17 63 5
18 90 5
19 60 5
22 8 5
22 30 5
22 28 5
22 78 5
23 64 5
23 57 5
23 34 5
23 40 5
24 68 5
25 72 5
26 86 5
27 84 5
28 22 5
29 11 5
30 22 5
31 59 5
32 4 5
33 47 5
34 23 5
35 48 5
36 87 5
37 2 5
38 13 5
39 79 5
40 23 5
41 96 5
42 54 5
43 10 5
46 73 5
47 33 5
48 35 5
49 69 5
50 11 5
51 3 5
54 42 5
55 80 5
56 11 5
57 23 5
58 71 5
59 31 5
60 19 5
61 12 5
62 70 5
63 17 5
64 23 5
65 66 5
66 65 5
67 14 5
68 24 5
69 49 5
70 62 5
71 58 5
72 25 5
72 94 5
73 46 5
73 93 5
74 11 5
75 76 5
76 75 5
77 97 5
78 22 5
78 95 5
79 10 5
79 39 5
80 55 5
81 6 5
82 85 5
83 10 5
84 27 5
85 82 5
86 26 5
87 36 5
88 5 5
89 9 5
90 18 5
91 16 5
92 15 5
93 73 5
94 72 5
95 78 5
96 41 5
97 77 5
98 7 5
99 65533 5
0 65533 6
1 10 6
2 11 6
3 51 6
4 47 6
5 62 6
8 87 6
9 64 6
10 85 6
10 1 6
11 48 6
11 2 6
12 28 6
13 38 6
14 24 6
15 77 6
16 19 6
17 91 6
18 60 6
19 16 6
22 48 6
22 30 6
23 54 6
23 29 6
24 14 6
25 72 6
26 86 6
27 84 6
28 12 6
29 23 6
30 22 6
31 59 6
32 44 6
33 34 6
34 33 6
35 36 6
36 35 6
37 79 6
38 13 6
39 68 6
40 78 6
41 96 6
42 57 6
43 46 6
44 32 6
45 90 6
46 43 6
47 4 6
48 22 6
48 11 6
49 50 6
49 97 6
50 49 6
51 3 6
54 23 6
55 63 6
56 83 6
57 42 6
58 71 6
59 31 6
60 18 6
61 69 6
62 5 6
63 55 6
64 9 6
65 66 6
66 65 6
67 79 6
68 39 6
69 61 6
70 88 6
71 58 6
72 25 6
72 94 6
73 74 6
73 93 6
74 73 6
75 76 6
76 75 6
77 15 6
78 40 6
78 95 6
79 37 6
79 67 6
80 90 6
81 98 6
82 89 6
83 56 6
84 27 6
85 10 6
86 26 6
87 8 6
88 70 6
89 82 6
90 45 6
90 80 6
91 92 6
91 17 6
92 91 6
93 73 6
94 72 6
95 78 6
96 41 6
97 49 6
98 81 6
99 65533 6
0 65533 7
1 2 7
2 1 7
3 51 7
4 72 7
5 78 7
6 30 7
7 40 7
8 87 7
9 10 7
10 9 7
11 12 7
12 11 7
12 79 7
13 46 7
13 36 7
14 47 7
15 81 7
16 82 7
17 18 7
18 17 7
19 73 7
20 93 7
21 27 7
22 39 7
22 69 7
23 38 7
23 97 7
24 28 7
25 58 7
26 40 7
27 21 7
28 24 7
29 64 7
30 6 7
31 48 7
32 37 7
33 34 7
34 33 7
35 63 7
36 13 7
37 32 7
38 23 7
39 22 7
40 26 7
40 7 7
41 42 7
41 72 7
42 41 7
43 96 7
44 94 7
45 72 7
46 13 7
47 14 7
48 31 7
49 56 7
50 65 7
51 3 7
54 68 7
55 80 7
56 49 7
57 67 7
58 25 7
59 83 7
60 72 7
61 98 7
62 70 7
63 35 7
64 29 7
65 50 7
66 95 7
67 57 7
68 54 7
69 22 7
70 62 7
71 76 7
72 4 7
72 60 7
72 41 7
72 45 7
73 79 7
73 19 7
73 77 7
73 88 7
76 71 7
77 73 7
78 5 7
78 89 7
79 12 7
79 73 7
80 55 7
81 15 7
82 16 7
83 59 7
86 90 7
87 8 7
88 73 7
89 78 7
90 86 7
91 92 7
92 91 7
93 20 7
94 44 7
95 66 7
96 43 7
97 23 7
98 61 7
99 65533 7
0 65533 8
1 57 8
2 56 8
3 68 8
4 36 8
5 78 8
6 46 8
7 48 8
8 87 8
9 10 8
10 9 8
11 12 8
12 11 8
12 79 8
13 72 8
13 50 8
16 82 8
17 18 8
18 17 8
19 20 8
20 19 8
20 47 8
21 73 8
21 72 8
22 65 8
23 38 8
24 34 8
25 61 8
26 40 8
27 32 8
28 83 8
29 96 8
30 79 8
31 59 8
32 27 8
33 54 8
34 24 8
35 63 8
36 4 8
37 44 8
38 23 8
39 64 8
40 26 8
41 42 8
42 41 8
43 58 8
44 37 8
45 72 8
46 6 8
47 20 8
48 7 8
49 56 8
50 13 8
51 69 8
54 33 8
55 75 8
56 49 8
56 2 8
57 73 8
57 1 8
58 43 8
59 31 8
60 72 8
61 25 8
62 70 8
63 35 8
64 39 8
65 22 8
66 81 8
67 95 8
68 3 8
69 51 8
70 62 8
71 74 8
72 13 8
72 60 8
72 21 8
72 45 8
73 57 8
73 21 8
73 77 8
73 88 8
74 71 8
75 55 8
76 80 8
77 73 8
78 5 8
78 89 8
79 12 8
79 30 8
80 76 8
81 66 8
82 16 8
83 28 8
86 90 8
87 8 8
88 73 8
89 78 8
90 86 8
91 94 8
92 93 8
93 92 8
94 91 8
95 67 8
96 29 8
97 98 8
98 97 8
99 65533 8
score: 288
