100 8 704
0 65533 1
3 4 1
4 3 1
5 49 1
6 24 1
7 40 1
8 39 1
9 12 1
12 9 1
13 22 1
16 64 1
17 18 1
18 17 1
19 20 1
20 19 1
21 61 1
22 82 1
22 13 1
23 96 1
23 65 1
24 6 1
25 88 1
30 35 1
31 32 1
32 31 1
33 34 1
34 33 1
34 63 1
35 36 1
35 30 1
36 35 1
37 38 1
38 37 1
39 8 1
40 7 1
41 42 1
42 41 1
43 48 1
46 54 1
47 48 1
48 47 1
48 95 1
48 56 1
48 43 1
49 50 1
49 5 1
49 62 1
49 51 1
50 49 1
51 49 1
54 46 1
55 79 1
56 48 1
57 89 1
60 90 1
61 21 1
62 49 1
63 34 1
64 16 1
64 67 1
65 82 1
65 23 1
66 83 1
67 64 1
70 94 1
71 74 1
74 71 1
75 76 1
76 75 1
77 78 1
78 77 1
79 55 1
82 22 1
82 65 1
83 85 1
83 66 1
84 91 1
85 83 1
88 25 1
89 57 1
90 60 1
91 84 1
94 70 1
95 48 1
96 23 1
97 98 1
98 97 1
99 65533 1
0 65533 2
1 2 2
2 1 2
3 4 2
4 3 2
5 49 2
6 96 2
7 71 2
8 74 2
8 43 2
9 12 2
9 46 2
12 9 2
13 69 2
16 37 2
17 32 2
18 35 2
19 20 2
20 19 2
21 61 2
22 68 2
23 65 2
24 55 2
25 88 2
28 38 2
29 48 2
30 35 2
31 36 2
32 17 2
33 34 2
34 33 2
34 95 2
35 18 2
35 30 2
36 31 2
37 16 2
38 28 2
39 40 2
40 39 2
41 42 2
42 41 2
43 8 2
46 9 2
47 48 2
48 47 2
48 29 2
49 50 2
49 5 2
50 49 2
51 54 2
54 51 2
55 24 2
60 90 2
61 21 2
62 89 2
63 64 2
64 63 2
64 67 2
65 66 2
65 23 2
66 65 2
67 64 2
68 22 2
69 13 2
70 94 2
71 7 2
74 8 2
75 76 2
76 75 2
77 78 2
78 77 2
79 82 2
82 79 2
83 85 2
84 91 2
85 83 2
88 25 2
89 62 2
90 60 2
91 84 2
94 70 2
95 34 2
96 6 2
97 98 2
98 97 2
99 65533 2
0 65533 3
1 2 3
2 1 3
3 92 3
4 40 3
5 6 3
6 5 3
7 8 3
8 7 3
9 10 3
10 9 3
10 39 3
11 12 3
11 88 3
12 11 3
13 38 3
14 35 3
15 94 3
16 93 3
17 18 3
18 17 3
19 20 3
20 19 3
21 61 3
22 62 3
22 68 3
23 26 3
23 67 3
26 23 3
27 59 3
28 49 3
29 34 3
30 35 3
31 87 3
32 54 3
33 64 3
34 63 3
34 29 3
35 14 3
35 30 3
38 13 3
39 10 3
40 4 3
41 42 3
42 41 3
43 69 3
46 70 3
47 48 3
48 47 3
49 28 3
54 32 3
55 56 3
56 55 3
57 58 3
58 57 3
59 27 3
60 90 3
61 21 3
62 22 3
63 34 3
64 33 3
65 66 3
66 65 3
67 23 3
68 22 3
69 43 3
70 46 3
71 74 3
74 71 3
75 77 3
76 82 3
77 75 3
82 76 3
83 85 3
84 89 3
85 83 3
86 91 3
87 31 3
88 11 3
89 84 3
90 60 3
91 86 3
92 3 3
93 16 3
94 15 3
95 96 3
96 95 3
99 65533 3
0 65533 4
1 2 4
2 1 4
2 61 4
3 16 4
3 21 4
4 47 4
5 22 4
6 23 4
7 98 4
8 97 4
9 23 4
10 22 4
11 12 4
12 11 4
13 14 4
14 13 4
15 94 4
16 3 4
17 18 4
18 17 4
19 20 4
20 19 4
21 3 4
22 27 4
22 68 4
22 10 4
22 5 4
23 26 4
23 67 4
23 9 4
23 6 4
26 23 4
27 22 4
28 62 4
29 34 4
30 35 4
31 51 4
32 50 4
33 64 4
34 63 4
34 29 4
35 38 4
35 30 4
38 35 4
39 88 4
40 89 4
41 76 4
42 82 4
43 46 4
46 43 4
47 4 4
48 84 4
49 88 4
50 32 4
51 31 4
54 91 4
55 56 4
56 55 4
57 58 4
58 57 4
59 89 4
60 90 4
61 2 4
62 28 4
63 34 4
64 33 4
65 66 4
66 65 4
67 23 4
68 22 4
69 70 4
70 69 4
71 74 4
74 71 4
75 77 4
76 41 4
77 75 4
82 42 4
83 85 4
84 48 4
85 83 4
88 49 4
88 39 4
89 59 4
89 40 4
90 60 4
91 54 4
94 15 4
95 96 4
96 95 4
97 8 4
98 7 4
99 65533 4
0 65533 5
3 4 5
4 3 5
5 20 5
6 19 5
7 66 5
8 65 5
9 10 5
10 9 5
11 12 5
12 11 5
13 14 5
14 13 5
15 16 5
16 15 5
17 62 5
18 63 5
19 6 5
20 5 5
21 22 5
22 21 5
23 68 5
24 35 5
25 41 5
26 44 5
27 28 5
28 27 5
29 80 5
32 86 5
33 62 5
34 63 5
35 24 5
40 69 5
41 25 5
44 26 5
45 48 5
48 45 5
49 50 5
50 49 5
51 91 5
52 92 5
53 54 5
54 53 5
55 93 5
56 94 5
57 69 5
60 96 5
61 62 5
62 61 5
62 17 5
62 81 5
62 33 5
63 64 5
63 18 5
63 97 5
63 34 5
64 63 5
65 8 5
66 7 5
67 77 5
68 23 5
68 96 5
69 57 5
69 40 5
70 95 5
71 72 5
72 71 5
73 74 5
74 73 5
75 76 5
76 75 5
77 67 5
80 29 5
81 62 5
81 62 5
86 32 5
87 90 5
90 87 5
91 51 5
92 52 5
93 55 5
94 56 5
95 70 5
96 60 5
96 68 5
97 63 5
97 63 5
99 65533 5
0 65533 6
1 80 6
2 98 6
3 4 6
4 3 6
5 6 6
6 5 6
7 8 6
8 7 6
9 10 6
10 9 6
11 12 6
12 11 6
13 71 6
16 74 6
17 62 6
18 63 6
19 20 6
20 19 6
21 22 6
22 21 6
23 57 6
24 96 6
25 26 6
26 25 6
27 28 6
28 27 6
29 80 6
32 86 6
33 34 6
34 33 6
35 36 6
36 35 6
37 68 6
40 66 6
41 44 6
44 41 6
45 48 6
48 45 6
49 50 6
50 49 6
51 91 6
54 92 6
55 93 6
56 90 6
57 23 6
60 91 6
61 62 6
62 61 6
62 17 6
63 64 6
63 18 6
64 63 6
65 69 6
66 40 6
67 77 6
68 37 6
69 65 6
70 87 6
71 13 6
74 16 6
75 76 6
76 75 6
77 67 6
80 1 6
80 29 6
81 94 6
81 97 6
86 32 6
87 70 6
90 95 6
90 56 6
91 51 6
91 60 6
92 54 6
93 55 6
94 81 6
95 90 6
96 97 6
96 24 6
97 96 6
97 81 6
98 2 6
99 65533 6
0 65533 7
1 13 7
2 29 7
3 4 7
4 3 7
5 83 7
6 53 7
6 19 7
7 72 7
7 20 7
10 87 7
10 28 7
11 12 7
11 27 7
12 11 7
13 1 7
14 81 7
15 16 7
16 15 7
17 88 7
18 75 7
19 6 7
20 7 7
21 93 7
24 96 7
25 26 7
26 25 7
27 11 7
28 10 7
29 2 7
30 82 7
31 32 7
32 31 7
33 34 7
34 33 7
35 36 7
36 35 7
37 68 7
40 69 7
40 68 7
41 44 7
41 55 7
44 41 7
45 50 7
50 45 7
51 52 7
52 51 7
53 6 7
54 86 7
55 41 7
60 70 7
61 62 7
62 61 7
63 66 7
66 63 7
67 80 7
68 40 7
68 37 7
69 97 7
69 40 7
70 60 7
72 7 7
73 74 7
74 73 7
75 18 7
76 97 7
77 80 7
80 77 7
80 67 7
81 14 7
81 94 7
82 30 7
83 5 7
86 54 7
87 10 7
88 17 7
89 90 7
90 89 7
91 92 7
92 91 7
93 21 7
94 81 7
95 96 7
96 95 7
96 24 7
97 76 7
97 69 7
99 65533 7
0 65533 8
0 31 8
1 22 8
2 29 8
3 4 8
4 3 8
5 83 8
6 53 8
6 19 8
7 77 8
7 20 8
10 75 8
11 12 8
12 11 8
14 79 8
15 16 8
16 15 8
17 18 8
18 17 8
19 6 8
20 7 8
21 32 8
22 1 8
23 88 8
24 96 8
25 89 8
26 90 8
26 94 8
27 28 8
27 67 8
28 27 8
29 2 8
30 82 8
31 0 8
32 21 8
33 34 8
34 33 8
35 36 8
36 35 8
37 68 8
40 69 8
40 68 8
41 44 8
41 87 8
44 41 8
45 52 8
52 45 8
53 6 8
54 86 8
55 93 8
60 70 8
61 62 8
62 61 8
63 66 8
66 63 8
67 27 8
68 40 8
68 37 8
69 97 8
69 40 8
70 60 8
71 98 8
72 97 8
73 74 8
74 73 8
75 10 8
76 78 8
77 7 8
78 76 8
79 14 8
82 30 8
83 5 8
86 54 8
87 41 8
88 23 8
89 25 8
90 26 8
91 92 8
92 91 8
93 55 8
94 26 8
95 96 8
96 95 8
96 24 8
97 72 8
97 69 8
98 71 8
99 65533 8
score: 243
