>JS571
1 2 3 4 5 6 -7 -24 -23 -22 -21 -20 -17 -16 -15 -12 -11 -10 -9 -8 7 26 27 28 29 30 36 37 38 -43 -39 44
>JS601
1 2 3 4 5 6 7 8 9 10 11 12 16 17 18 19 20 21 22 23 24 25 26 27 28 29 30 31 38 39 40 41 42 43 44
>JS603
1 -27 -26 -25 -24 -23 -21 -21 -20 -19 -18 -17 -12 -11 3 4 -7 -6 -5 4 -4 -3 -2 19 20 21 22 23 24 19 20 21 22 -24 -23 42 43 44
>JS604
1 2 -24 -23 -22 -21 -20 -19 -18 -17 -16 -14 -13 -11 -10 -9 -8 -7 -6 -5 -4 -3 25 26 27 28 29 30 31 32 33 38 39 44
>JS605
1 2 3 4 5 6 7 9 10 11 12 13 16 17 18 19 20 21 22 23 24 25 26 27 28 29 30 31 32 33 34 35 36 37 38 39 40 41 42 43 44
>JS606
1 2 3 4 5 6 7 8 9 10 12 13 16 17 19 20 21 -22 23 24 25 26 27 28 29 30 32 33 34 35 36 37 38 -39 40 41 42 43 44
>JS607
1 2 3 -7 -6 -5 -4 5 -37 -36 -35 -34 -33 -31 -30 -27 -26 -25 -24 -23 -22 -21 -20 -19 -16 -15 -13 -12 -11 -10 -9 -5 4 40 41 42 43 44
>JS608
1 2 3 4 5 6 7 8 9 10 11 12 13 16 17 18 19 20 21 22 23 24 25 26 27 -37 -36 -29 -28 38 39 40 41 42 43 44
