>JS571
1 2 3 4 5 6 -7 -24 -23 -22 -21 -20 -17 -16 -15 -12 -11 -10 -9 -8 7 26 27 28 29 30 36 37 38 -43 -39 44
>JS601
1 2 3 4 5 6 7 8 9 10 11 12 16 17 18 19 20 21 22 23 24 25 26 27 28 29 30 31 38 39 40 41 42 43 44
>JS603
1 -27 -26 -25 -24 -23 -21 -21 -20 -19 -18 -17 -12 -11 3 4 -7 -6 -5 4 -4 -3 -2 19 20 21 22 23 24 19 20 21 22 -24 -23 42 43 44
>JS604
1 2 -24 -23 -22 -21 -20 -19 -18 -17 -16 -14 -13 -11 -10 -9 -8 -7 -6 -5 -4 -3 25 26 27 28 29 30 31 32 33 38 39 44
>JS605
1 2 3 4 5 6 7 9 10 11 12 13 16 17 18 19 20 21 22 23 24 25 26 27 28 29 30 31 32 33 34 35 36 37 38 39 40 41 42 43 44
>JS606
1 2 3 4 5 6 7 8 9 10 12 13 16 17 19 20 21 -22 23 24 25 26 27 28 29 30 32 33 34 35 36 37 38 -39 40 41 42 43 44
>JS607
1 2 3 -7 -6 -5 -4 5 -37 -36 -35 -34 -33 -31 -30 -27 -26 -25 -24 -23 -22 -21 -20 -19 -16 -15 -13 -12 -11 -10 -9 -5 4 40 41 42 43 44
>JS608
1 2 3 4 5 6 7 8 9 10 11 12 13 16 17 18 19 20 21 22 23 24 25 26 27 -37 -36 -29 -28 38 39 40 41 42 43 44
>JS610
1 2 3 4 5 6 7 8 9 10 11 12 13 16 17 18 19 20 21 22 23 24 25 26 27 29 30 31 32 33 34 36 37 38 39 40 41 42 43 44
>JS611
1 2 3 4 5 6 7 8 9 10 11 12 13 -33 -32 -31 -30 -29 -28 -27 -26 -25 -24 -23 -22 -21 -20 -19 -18 -17 -16 36 37 38 39 40 41 42 43 44
>JS612
1 2 3 4 -6 -5 7 8 9 10 12 15 16 17 18 19 20 21 22 23 24 25 26 27 28 29 30 31 32 33 34 36 37 38 39 40 41 42 43 44
>JS614
1 2 3 4 5 6 7 8 9 10 11 12 16 17 18 -20 -19 21 22 23 24 25 26 27 28 29 30 31 32 33 34 35 36 37 38 39 40 -41 42 43 44
>JS617
1 -7 -6 -5 -4 -3 -2 9 10 -25 -24 -23 -22 -21 20 17 -18 -17 20 21 22 23 42 43 44
>JS618
1 2 3 4 5 6 7 8 9 10 11 12 13 19 20 21 22 23 24 25 26 27 -28 29 30 38 39 40 41 42 43 44
>JS621
1 2 3 4 5 6 7 8 9 10 11 12 15 16 17 18 19 20 21 22 23 24 25 26 27 28 29 30 31 38 39 40 41 42 43 44
>JS622
1 2 3 4 5 6 7 8 9 10 11 19 20 21 22 23 24 25 26 27 -28 -40 -39 -38 -37 -36 -33 -32 -31 -30 -29 28 42 43 44
>JS623
1 2 3 4 5 6 -9 -8 -7 10 11 12 15 16 17 18 19 20 21 22 23 24 25 26 27 29 30 31 32 33 34 35 36 37 38 39 40 41 42 43 44
>JS624
1 2 3 4 5 6 7 8 9 10 11 12 16 17 18 19 20 21 -24 -23 -22 25 26 27 -28 29 30 31 36 37 38 39 40 41 42 43 44
>JS625
1 2 3 4 5 6 7 8 9 10 11 12 13 16 17 18 19 20 21 22 23 24 25 26 27 28 29 30 31 32 33 34 35 36 37 38 39 40 41 42 43 44
>JS626
1 2 -3 4 5 6 7 8 9 10 11 12 13 18 19 20 21 22 23 24 25 26 27 -38 -37 -36 -35 -34 -33 -32 -31 -30 -29 -28 39 40 41 42 43 44
>JS627
1 2 3 4 5 6 7 8 9 10 11 12 13 16 17 18 19 20 22 23 24 25 26 27 28 29 30 31 32 33 34 35 36 37 38 39 40 41 42 43 44
>JS628
1 2 3 4 5 6 7 8 9 10 11 -12 -35 -34 -33 -32 -31 -30 -29 -28 -27 -26 -25 -24 -23 -22 -21 -20 -19 -18 36 37 38 39 40 41 42 43 44
>JS629
1 2 3 4 5 6 7 8 9 10 11 12 13 19 20 21 22 23 24 28 29 30 31 32 33 34 35 36 37 38 39 40 41 42 43 44
>JS705
1 -2 3 4 5 6 7 8 9 10 11 12 13 14 15 16 17 18 19 20 21 22 -26 -25 -24 -23 27 28 29 30 31 36 37 38 39
>JS706
1 2 3 7 8 9 10 11 12 13 19 20 21 22 23 -24 25 26 27 36 37 38 39 41 42 43 44
>JS707
1 -38 -37 -36 -31 -30 -29 -28 -26 -25 -24 -23 -22 -21 -20 -19 -18 -17 -16 -15 -14 -12 -11 -10 -9 -4 -3 -2 16 40 41 42 43 44
>JS708
1 2 3 4 5 6 7 8 9 10 11 12 13 14 16 17 18 19 20 21 22 23 24 25 26 27 28 29 36 37 38 39 40 41 42 43 44
>JS710
1 2 3 4 -7 -6 -5 -36 -30 -28 -27 -26 -25 -24 -23 -22 -21 -20 -19 -18 -17 -16 -14 -8 37 38 -39 40 41 42 43 44
>JS711
1 -20 -19 -18 -17 -16 -15 -14 -13 -12 -11 -10 -9 -8 -7 -6 -18 3 18 19 20 9 10 -28 29 30 36 37 38 39 40 41 43 44
>JS712
1 2 3 4 5 6 7 8 9 10 12 13 14 15 16 17 18 19 20 -27 -26 -25 -24 -23 -22 -21 28 29 30 31 36 37 38 39 40 41 42 43 44
>JS713
1 2 3 4 5 6 -43 -42 -41 -40 -38 -12 -10 -9 -8 -7 44
>JS714
1 2 3 4 5 6 7 8 9 10 11 12 13 14 15 16 17 18 19 20 21 22 23 24 25 26 27 28 29 36 37 38 39 40 41 42 43 44
>JS715
1 2 3 4 5 6 -7 8 9 10 12 14 15 16 17 18 19 20 21 22 23 24 25 26 27 29 30 36 37 38 39 40 41 42 43 44
>JS716
1 2 3 4 5 6 7 8 9 10 11 12 13 14 15 16 17 18 19 20 21 22 23 24 25 26 27 38 39 40 41 42 43 44
>JS717
1 2 3 4 5 6 7 8 9 10 11 12 13 14 15 16 17 18 19 20 21 22 23 24 25 26 27 28 29 30 36 37 38 39 40 41 42 43 44
>JS718
1 2 3 4 5 6 7 8 9 10 11 12 13 14 15 16 17 18 19 20 21 22 23 24 25 26 27 28 29 30 38 39 40 41 42 43 44
>JS719
1 2 3 4 5 6 7 8 9 10 12 14 15 16 17 -18 19 20 21 22 23 24 25 26 27 28 29 30 36 37 38 39 42 43 44
>JS721
1 -25 -24 -22 -19 -17 -16 36 38 39
>JS723
1 2 3 -39 -38 -28 -27 -26 -25 -24 -23 -22 -21 -20 -19 -18 -17 -16 -15 -5 -4 40 41 42 43 44
>JS724
1 2 3 4 5 6 7 9 10 11 12 13 14 16 17 18 19 20 21 -24 -23 -22 25 26 27 36 37 38 39 40 41 42 43 44
>JS725
1 2 3 4 5 6 7 8 9 10 11 12 13 14 15 16 17 18 19 20 21 22 23 24 25 26 27 28 29 37 38 39 41 42 43 44
>JS726
1 2 3 4 5 6 7 8 9 10 -11 11 14 15 16 17 18 19 20 22 23 24 25 26 27 29 30 36 37 38 39 40 41 42 43 44
>JS727
1 2 3 4 5 6 7 8 9 10 -11 11 14 15 16 17 18 19 20 21 22 23 24 25 26 27 29 30 36 37 38 39 40 41 42 43 44
>JS728
1 2 3 4 5 6 -43 -42 -41 -40 -39 -38 -26 -25 -24 -12 -11 -10 -9 -8 -7 44
>JS729
1 -6 -5 -4 -3 -2 3 4 5 6 -6 14 15 16 17 18 19 20 21 22 23 24 25 35 36 37 38 39 40 41 42 43 44
>JS730
1 2 3 4 5 6 7 -35 -27 -26 -25 -24 -23 -22 -21 -20 -19 -18 -17 -16 -8 36 37 38 39 40 41 42 43 44
>JS733
1 2 3 4 5 6 -11 -10 -9 -8 -7 12 13 14 15 16 17 18 19 20 21 22 23 24 25 26 27 36 37 38 39 40 41 42 43 44
>JS734
1 -3 -2 4 5 6 -10 -9 -8 -7 -13 -12 14 15 16 17 18 19 20 22 23 -27 -26 -25 -24 28 38 39
>JS735
1 -15 -14 -10 -9 -8 -7 -3 -2 19 20 21 22 23 -24 25 -27 -26 -28 29 -31 -30 38 39
>JS736
1 2 3 4 5 6 7 8 9 10 12 13 14 15 16 17 18 19 20 21 22 23 24 25 26 27 28 35 36 37 38 39 40 41 42 43 44
>JS737
1 2 3 4 5 6 7 9 10 11 12 13 14 15 16 17 18 19 20 22 23 24 25 26 38 39 42 43 44
>JS738
1 2 3 4 5 6 7 8 9 10 -12 14 15 16 17 18 19 20 21 -31 -30 -29 -27 -25 -24 -23 33 34 35 39 40 41 42 43 44
>JS739
1 2 3 4 5 6 7 8 9 10 -11 12 13 14 15 16 17 18 19 20 21 22 23 24 25 26 29 30 31 36 37 38 39 40 41 42 43 44
