100 8 932
0 65533 1
1 13 1
2 44 1
3 38 1
4 98 1
5 13 1
6 90 1
7 68 1
8 72 1
9 71 1
10 27 1
11 12 1
12 11 1
12 43 1
13 1 1
13 5 1
14 48 1
15 48 1
16 61 1
16 58 1
17 23 1
17 70 1
18 73 1
19 81 1
20 61 1
21 65 1
22 83 1
23 17 1
24 32 1
25 39 1
26 60 1
27 10 1
30 82 1
31 47 1
32 24 1
33 87 1
34 86 1
35 79 1
38 3 1
39 25 1
40 42 1
40 95 1
41 66 1
41 49 1
42 40 1
43 12 1
44 2 1
45 51 1
46 52 1
46 62 1
47 48 1
47 31 1
48 47 1
48 15 1
48 14 1
48 87 1
49 67 1
49 94 1
49 41 1
49 88 1
50 82 1
51 45 1
52 46 1
52 91 1
53 69 1
53 86 1
54 83 1
55 60 1
58 16 1
59 89 1
60 55 1
60 26 1
61 20 1
61 16 1
62 46 1
63 64 1
64 63 1
65 21 1
66 41 1
67 49 1
68 7 1
69 53 1
70 17 1
71 9 1
72 78 1
72 8 1
73 76 1
73 18 1
76 73 1
77 78 1
78 77 1
78 72 1
79 92 1
79 35 1
80 93 1
81 19 1
82 30 1
82 50 1
83 22 1
83 54 1
86 53 1
86 34 1
87 48 1
87 33 1
88 49 1
89 59 1
90 6 1
91 52 1
92 79 1
93 80 1
94 49 1
95 40 1
98 4 1
99 65533 1
0 65533 2
1 32 2
2 3 2
2 35 2
3 2 2
3 72 2
4 54 2
5 65 2
6 31 2
7 81 2
8 18 2
9 71 2
10 24 2
11 12 2
12 11 2
12 99 2
13 40 2
13 48 2
14 21 2
15 84 2
16 61 2
17 23 2
18 8 2
19 48 2
20 61 2
21 14 2
22 47 2
23 17 2
24 10 2
25 52 2
26 83 2
27 55 2
30 82 2
31 6 2
32 1 2
33 64 2
34 86 2
35 2 2
36 88 2
37 38 2
38 37 2
39 68 2
40 90 2
40 13 2
41 66 2
41 49 2
42 69 2
43 69 2
44 67 2
45 51 2
46 49 2
46 87 2
47 84 2
47 22 2
48 19 2
48 85 2
48 13 2
48 87 2
49 60 2
49 98 2
49 41 2
49 46 2
50 82 2
51 45 2
52 25 2
52 91 2
53 92 2
53 86 2
54 60 2
54 4 2
55 79 2
55 27 2
58 70 2
59 76 2
60 49 2
60 54 2
61 20 2
61 16 2
64 33 2
65 5 2
66 41 2
67 44 2
68 39 2
69 42 2
70 58 2
71 9 2
72 3 2
73 76 2
76 73 2
76 59 2
77 78 2
77 89 2
78 77 2
79 55 2
80 93 2
81 7 2
82 30 2
82 50 2
83 85 2
83 26 2
84 47 2
84 15 2
85 83 2
85 48 2
86 53 2
86 34 2
87 48 2
87 46 2
88 36 2
89 77 2
90 40 2
91 52 2
92 53 2
93 80 2
98 49 2
99 65533 2
0 65533 3
0 46 3
1 81 3
1 98 3
2 60 3
3 38 3
4 41 3
5 6 3
6 5 3
7 21 3
8 19 3
8 25 3
9 57 3
9 53 3
10 39 3
11 25 3
12 31 3
13 71 3
14 57 3
15 48 3
18 61 3
19 8 3
20 23 3
21 7 3
22 47 3
23 20 3
24 43 3
24 86 3
25 11 3
25 8 3
26 93 3
27 52 3
28 87 3
29 56 3
30 39 3
31 12 3
32 91 3
33 34 3
34 33 3
35 89 3
36 59 3
37 88 3
38 3 3
38 82 3
39 10 3
39 30 3
40 92 3
40 52 3
41 4 3
41 69 3
42 83 3
43 24 3
46 0 3
46 62 3
47 48 3
47 22 3
48 47 3
48 15 3
49 85 3
49 53 3
52 40 3
52 27 3
52 94 3
53 54 3
53 9 3
53 49 3
54 53 3
55 72 3
56 60 3
56 29 3
57 14 3
57 9 3
58 70 3
59 36 3
60 2 3
60 56 3
61 68 3
61 18 3
62 46 3
63 85 3
64 84 3
65 66 3
66 65 3
67 77 3
68 61 3
69 41 3
70 58 3
71 13 3
72 55 3
73 76 3
76 73 3
77 67 3
78 93 3
79 80 3
80 79 3
81 1 3
82 38 3
83 42 3
84 95 3
84 64 3
85 49 3
85 63 3
86 24 3
87 28 3
88 37 3
88 89 3
89 35 3
89 88 3
90 92 3
91 32 3
92 40 3
92 90 3
93 78 3
93 26 3
94 52 3
95 84 3
98 1 3
99 65533 3
0 65533 4
1 81 4
2 42 4
3 65 4
4 40 4
5 18 4
6 36 4
7 21 4
8 19 4
8 48 4
9 79 4
9 53 4
10 31 4
10 39 4
11 88 4
11 25 4
12 90 4
13 29 4
16 61 4
17 59 4
18 5 4
19 8 4
20 34 4
21 7 4
22 47 4
23 68 4
24 43 4
25 11 4
26 91 4
27 57 4
28 87 4
28 71 4
29 13 4
29 55 4
30 39 4
31 10 4
32 80 4
33 61 4
34 20 4
35 93 4
36 6 4
36 38 4
37 83 4
37 88 4
38 36 4
38 82 4
39 10 4
39 30 4
40 4 4
40 52 4
41 95 4
41 86 4
42 2 4
43 24 4
46 98 4
46 62 4
47 58 4
47 22 4
48 92 4
48 8 4
49 73 4
49 94 4
52 40 4
52 69 4
53 54 4
53 9 4
54 53 4
55 29 4
56 60 4
57 27 4
58 47 4
59 17 4
60 76 4
60 56 4
61 33 4
61 16 4
62 46 4
63 85 4
64 84 4
65 3 4
68 23 4
69 52 4
70 84 4
71 28 4
72 89 4
73 49 4
76 60 4
77 78 4
78 77 4
79 9 4
80 32 4
81 1 4
82 38 4
83 37 4
84 70 4
84 64 4
85 89 4
85 63 4
86 41 4
87 28 4
88 37 4
88 11 4
89 72 4
89 85 4
90 12 4
91 26 4
92 48 4
93 35 4
94 49 4
95 41 4
98 46 4
99 65533 4
0 65533 5
1 12 5
2 53 5
3 48 5
4 96 5
5 20 5
6 85 5
7 66 5
8 65 5
8 76 5
9 19 5
9 66 5
10 45 5
11 12 5
12 11 5
12 1 5
13 14 5
13 34 5
14 13 5
15 35 5
16 81 5
17 99 5
18 61 5
18 73 5
19 9 5
19 72 5
20 5 5
20 67 5
21 28 5
21 29 5
22 66 5
23 55 5
26 44 5
26 58 5
27 35 5
27 89 5
28 21 5
29 21 5
30 67 5
31 94 5
32 98 5
33 94 5
34 67 5
34 13 5
34 92 5
34 71 5
35 27 5
35 95 5
35 15 5
35 54 5
36 70 5
37 42 5
38 49 5
39 95 5
42 37 5
43 46 5
44 26 5
45 10 5
46 43 5
47 51 5
48 3 5
49 38 5
50 79 5
51 47 5
52 64 5
53 2 5
54 35 5
55 23 5
58 26 5
58 77 5
59 66 5
59 78 5
60 86 5
61 18 5
64 52 5
65 8 5
66 9 5
66 22 5
66 7 5
66 59 5
67 34 5
67 20 5
67 30 5
67 98 5
70 80 5
70 36 5
71 88 5
71 34 5
72 19 5
73 18 5
74 93 5
75 97 5
76 8 5
77 58 5
78 59 5
79 50 5
80 70 5
81 16 5
82 90 5
83 91 5
84 87 5
85 6 5
86 60 5
87 84 5
88 71 5
89 27 5
90 82 5
91 83 5
92 34 5
93 74 5
94 33 5
94 31 5
95 39 5
95 35 5
96 4 5
97 75 5
98 32 5
98 67 5
99 65533 5
99 17 5
0 65533 6
1 12 6
2 94 6
3 48 6
4 47 6
5 27 6
6 85 6
7 98 6
8 65 6
9 19 6
10 32 6
11 26 6
12 49 6
12 1 6
13 34 6
13 34 6
14 79 6
15 16 6
16 15 6
17 82 6
18 20 6
18 87 6
19 9 6
19 72 6
20 18 6
20 81 6
21 28 6
21 29 6
22 33 6
23 97 6
24 45 6
25 30 6
26 11 6
26 90 6
27 5 6
27 67 6
28 21 6
29 21 6
30 25 6
31 59 6
32 10 6
33 22 6
34 13 6
34 60 6
34 13 6
35 95 6
35 51 6
35 54 6
36 50 6
37 70 6
38 44 6
39 95 6
40 52 6
41 42 6
42 41 6
43 74 6
44 38 6
45 24 6
46 86 6
47 4 6
48 3 6
49 12 6
50 36 6
50 91 6
51 83 6
51 35 6
52 40 6
53 82 6
54 35 6
55 88 6
58 67 6
59 31 6
60 34 6
61 80 6
64 71 6
65 8 6
66 76 6
66 94 6
67 58 6
67 27 6
70 99 6
70 37 6
71 89 6
71 64 6
72 19 6
73 86 6
74 43 6
75 83 6
76 66 6
77 78 6
78 77 6
79 14 6
80 61 6
81 20 6
82 17 6
82 53 6
83 75 6
83 51 6
84 87 6
85 6 6
86 46 6
86 73 6
87 84 6
87 18 6
88 55 6
89 71 6
90 26 6
91 50 6
94 66 6
94 2 6
95 39 6
95 35 6
96 98 6
97 23 6
98 7 6
98 96 6
99 65533 6
99 70 6
0 65533 7
0 25 7
1 33 7
1 55 7
2 94 7
3 85 7
4 74 7
5 50 7
6 12 7
7 28 7
8 18 7
9 59 7
10 80 7
11 42 7
12 48 7
12 6 7
13 14 7
13 34 7
14 13 7
15 16 7
16 15 7
17 96 7
18 8 7
19 21 7
20 89 7
21 19 7
22 72 7
23 77 7
24 73 7
25 0 7
26 27 7
27 26 7
28 7 7
29 93 7
30 96 7
31 37 7
32 66 7
33 1 7
34 54 7
34 13 7
34 61 7
34 52 7
35 82 7
35 95 7
35 91 7
35 54 7
36 64 7
37 31 7
42 11 7
43 67 7
46 97 7
47 61 7
48 12 7
49 95 7
50 5 7
51 53 7
52 34 7
53 51 7
54 35 7
54 34 7
55 70 7
55 1 7
58 90 7
59 9 7
60 65 7
60 86 7
60 84 7
60 92 7
61 62 7
61 47 7
61 76 7
61 34 7
62 61 7
63 75 7
64 36 7
65 60 7
66 32 7
67 43 7
70 55 7
71 87 7
72 22 7
73 24 7
74 4 7
75 63 7
76 61 7
77 23 7
78 79 7
79 78 7
80 10 7
80 83 7
81 92 7
81 88 7
82 35 7
83 80 7
84 60 7
85 3 7
86 60 7
87 71 7
88 81 7
89 20 7
90 58 7
91 35 7
92 60 7
92 81 7
93 94 7
93 29 7
94 93 7
94 2 7
95 49 7
95 35 7
96 17 7
96 30 7
97 98 7
97 46 7
98 97 7
99 65533 7
0 65533 8
0 25 8
1 85 8
1 17 8
2 94 8
3 51 8
4 32 8
5 67 8
6 12 8
7 59 8
8 78 8
9 22 8
10 48 8
11 37 8
12 6 8
13 34 8
14 41 8
15 16 8
16 15 8
16 34 8
17 79 8
17 1 8
18 61 8
19 21 8
20 58 8
21 19 8
22 9 8
23 55 8
24 72 8
25 0 8
26 93 8
27 50 8
28 35 8
29 93 8
30 73 8
30 52 8
31 42 8
31 34 8
32 4 8
33 87 8
34 16 8
34 13 8
34 61 8
34 31 8
35 28 8
35 95 8
35 97 8
35 54 8
36 75 8
37 11 8
40 77 8
40 84 8
41 14 8
41 60 8
42 31 8
43 53 8
46 74 8
47 66 8
48 10 8
49 97 8
50 27 8
51 3 8
52 30 8
52 98 8
53 60 8
53 43 8
54 35 8
55 23 8
58 20 8
59 7 8
60 53 8
60 86 8
60 41 8
60 92 8
61 62 8
61 64 8
61 18 8
61 34 8
62 61 8
63 65 8
64 61 8
65 63 8
66 47 8
67 5 8
70 96 8
71 82 8
72 24 8
73 30 8
74 46 8
75 36 8
76 80 8
77 40 8
78 8 8
79 17 8
80 76 8
81 92 8
82 71 8
83 88 8
84 40 8
85 1 8
86 60 8
87 33 8
88 83 8
89 90 8
90 89 8
91 96 8
92 60 8
92 81 8
93 26 8
93 29 8
94 2 8
95 35 8
96 70 8
96 91 8
97 49 8
97 35 8
98 52 8
99 65533 8
